3849.00
3827.02
3883.39
3865.26
3801.03
3822.06
3827.55
3798.77
3905.19
3843.74
3831.51
3839.52
3841.35
3865.21
3808.61
3832.69
3848.62
3864.03
3854.66
3832.65
3871.89
3681.03
3796.83
3809.80
3863.22
3860.22
3821.10
3868.69
3725.76
3868.84
3766.82
3711.59
































4040.07
3988.23
4025.11
4091.29
4025.62
4143.29
4069.39
4080.44
4038.77
4090.31
4079.50
4059.61
4069.54
4060.87
4067.19
4138.43
3077.29

2808.85
2774.09
3736.33
4040.20
4073.60
4074.88
4084.93
3946.39
4088.45
4030.51
4085.22
4003.60
4024.36
4036.92




2043.44





3263.82
3698.98
2758.17

2560.11

2283.27






2586.35

2245.10
1940.78


2890.97
1666.92

2238.29







