2642.48
3781.86
3769.19
3784.91
3772.64
3779.70
3636.20
3799.74
3647.48
3623.42
3834.65
3822.19
3866.26
3870.99
3864.55
3746.63
3887.94
3826.01
3874.66
3838.64
3873.05

3889.64
3841.35
3930.48
3769.10
3828.12
3860.63
3838.99
3826.72
3752.17
3839.45
































4033.26
4125.61
4038.34

4045.79
4007.92
4092.36
4024.25
4047.83
4043.25
4081.71
4079.91
4079.53
3994.56
4097.43
3960.53
4039.52
4093.22
4070.96
4035.61
4019.09
4109.51
4094.01
4095.68
4012.46
3880.08
3664.56
3593.44
4005.73
4076.32
4083.76
4109.63


2279.88
2893.70






3733.66
