3897.87
3943.29
3913.53
3941.48
3924.42

3868.76
3918.78
3928.41
3908.67

3842.42
3944.75
4005.79
3948.31
3923.69

3940.15
3961.94
3948.30
3764.94
3939.64
3908.39
3911.74
3914.91
3918.93
3874.44
3861.42
3908.30
3929.61
3883.12
3914.78
1785.72
2030.78
1551.70
1500.10
2589.45
1237.60
2457.43
3059.44
1291.18
2335.60
1829.24
2226.56
1761.17
1438.56
1771.84
1303.22
1203.15
1582.29
2847.64
1327.56
2063.31
1714.31
1441.94
2128.24
1250.97
2383.10
1447.12
2334.93
1376.62
2246.48
1685.75
1932.30
3647.63
3824.80
4051.25
4121.57
4057.34
4104.35
4161.15
4116.17
4147.67
4078.04
4109.30
4133.68
3962.10
3585.77
3407.11
3771.10
3321.41
2959.30
2958.97
2934.63
3231.93
4094.92
4075.29
4120.65
4137.13
4094.12
4020.64
4103.39
4135.72
4113.05
4122.22
4116.10
3513.57
2857.15
2620.31
3719.79
3560.89
3365.10
3613.96
3216.84
3931.52
3272.41
2833.17
3805.76
3333.26
2651.76
3401.78
3536.74
2421.32
3710.20
3321.71
3041.22
3652.11
2087.21
3697.45
2030.07
3537.85
3563.49
2835.03
3209.95
2698.10
2498.14
2815.81
3653.13
































1815.03
1548.18
2348.64
974.82
2276.76
1827.56
3245.17
2204.73
2631.21
1461.10
2640.57
601.71
3011.58
1214.09
2970.56
2225.12
2856.23
2491.72
1986.36
2541.71
1690.91
1640.90
2570.66
1637.59
2607.77
1318.20
1969.84
2385.69
1424.20
2248.41
2436.15
2977.60
2060.35
3489.65
2667.52
1212.12
3288.88
1082.43
2429.75
1072.27
1900.56
1510.75
1129.20
2434.33
1231.59
2052.47
2205.36
2298.29
1100.03
2384.39
3053.02
1366.03
3183.94
1845.25
2207.96
2026.55
