3952.58
3909.51
3886.73
3902.00
3989.79
3927.45
3957.84
3905.89
3968.97
3922.42
3925.86
3888.52
3946.03
3948.79
3588.97
3882.33
3921.66
3949.78
3694.01
3925.74
3983.93
3947.75
3993.28
3909.90
3822.81
3954.92
3944.28
3892.00
3830.94
3926.20
3931.79
3944.37
































2975.33
3782.45
3736.34
3683.82
3546.59
3722.98
4055.10
4090.74
4045.33
4044.69
4015.15
4123.57
4128.60
4033.76
4073.83
4078.70
4071.14
4060.51
4090.85
4148.14
4085.22
4130.43
4090.21
4083.77
4096.27
4110.25
4107.61
4077.59
4031.19
4034.38
4067.83
4066.82
















2420.70
1600.64
2440.49
1363.78
3830.93
978.14
3746.59
1352.42
3867.77
2529.05
3804.54
3438.86
1742.08
3434.97
3789.46
3939.32
2777.63
3065.33
3813.08
2370.67
1864.49
2327.48
2434.23
1809.16
1042.96
2352.10
1171.84
2099.75
1271.17
2482.07
1927.55
2410.32
1140.68
1477.68
1755.38
1032.83
2377.87
1340.69
1934.32
939.63
2227.60
1896.69
2625.62
2272.07
3008.12
1909.49
2886.12
2515.90
2696.14
3002.90
2874.52
2803.35
1876.82
2805.58
2240.51
3585.08
2108.57
3759.70
2266.11
3145.78
