3984.69
3896.36
3956.14
3935.83
3982.07
4010.32
3965.32
3964.90
3958.08
3906.94
3521.32
3949.92
3949.15
3930.22
3976.79
3858.93
3996.10
3942.33
3935.70
3919.42
3922.72
3904.18
3925.03
3955.06
3878.59
3830.50
3902.01
3939.77
3959.33
3836.58
3927.41
3944.32
































4044.29
4033.07
4134.33
4088.74
3861.39
3927.55
3789.68
4079.37
4054.13
3968.85
3624.53
3665.53
3621.86
3618.06
3876.23
3973.64
3841.57

4039.84
4128.15
3226.47
3791.57
3645.34
4034.76
4094.00
4193.20
4102.38
4099.62
4033.61
4060.51
4099.84
4034.27
972.89
3099.27
1361.21
2002.72
1584.44
1904.92
1827.97
1602.75
2748.75
1776.20
2625.04
2726.73
2486.09
894.76
2089.42
1927.58
2188.46
1928.15
1439.17
1927.89
1445.21
2092.49
2457.37
1927.98
2210.28
1878.64
2473.27
1508.12
1369.67
2166.98
2691.34
1529.24
1543.64
2483.36
1263.97
2212.43
1816.25
1698.03
1873.87
3113.67
1760.44
1183.64
2382.18
3256.80
859.00
1441.76
1447.30
2413.25
1796.04
1886.70
2143.77
1122.86
1704.44
1408.02
1178.41
3311.96
