3251.05
2749.50
3184.49
2647.63
2861.19
3555.47
3925.32
3946.98
3942.14
3973.18
3902.32
3895.58
3960.38
3924.32
3925.87
3858.67
3988.62
3907.77
3947.38
3961.30
3908.43
3906.79
3936.74
3938.84
3905.57
3907.51
3968.63
3710.81
3957.30
3955.91
4015.46
3897.23
































4015.81
4103.45
4074.60
4090.41
4064.69
4086.47
3539.68
3230.44
3710.27
4054.22
4061.38
4074.37

4078.68
4041.02
3812.18
4070.84
4116.46
4024.80
4045.44
4097.32
4093.00
4084.18
4043.19
4062.00
3500.10
3982.32
3828.61
3945.41
4074.88
3704.72
3562.19
972.33
1965.29
1131.95
513.20
2715.51
949.96
383.65

1195.96
604.43
414.85
501.55
299.68
338.89
405.14
275.73
235.07
229.12
250.27










4199.73
3804.87
4040.92
3750.19
1875.87
3138.36
3375.70
1672.26
1567.11
1960.09
3718.04
1862.26
1671.64
1142.80
1873.94
355.86
2185.35
2405.75
1971.76
4025.55
4193.83
3989.68
4067.24
4098.71
4179.16
4207.60
4399.18
4288.48
4212.37
3711.29
1729.42
















4068.95
4227.23
4182.03
4073.92
4347.47
4253.94
4066.69
4189.37
4070.07
4355.61
4248.62
3986.78
3776.43
1753.55
3121.97
1065.59
4212.32
4203.47
4334.75
4279.39
4255.47
4210.16
4286.32
4288.51
4254.26
4268.28
4205.98
3990.11
2557.24
1062.45
3894.43
2509.13
2064.88
2508.93
1425.48
2098.21
1740.79
2205.31
1535.35
2177.40
1486.44
2029.75
1660.57
2488.27
1937.39
2262.08
2545.25
1454.26
4208.73
4390.42
4377.89
4367.15
4303.16
4323.11
4359.26
4310.11
4283.62
4242.45
4236.45
4297.66
4154.07
3818.15
2465.66
2255.98
2114.70
1693.54
3689.86
2658.63
3413.87
811.88
3603.36
3815.55
