2732.77
2770.13
2769.50
2768.16
2654.08
2597.05
2570.39
2664.75
2645.60
2648.44
2609.49
2573.02
2597.36
2614.29
2634.97
2595.26
2595.31
2615.77
2619.11
2613.71
2485.99
2624.87
2593.25
2613.82
2590.02
2600.37
2579.91
2607.57
2601.56
2602.11
2603.80
2602.88
3571.58
3112.42
2243.44
1358.63
1630.44
1341.72
2325.02
2037.04
1551.81
1272.63
1356.43
663.98
679.94
362.23
826.88
1558.95
1024.77
1222.45
1023.82
1402.29
1447.99
769.07
511.21
758.30
830.79
894.09
550.95
1059.57
693.14
824.88
628.65
578.49
2552.26
2641.72
2501.56
2569.12
2628.08
2456.34
2370.44
2764.68
2772.37
2549.95
2767.63
2781.87
2787.39
2797.06
2779.22
2795.65
2765.53
2763.86
2758.39
2786.45
2776.37
2650.21
2716.55
2774.48
2757.55
2772.22
2816.11
2785.72
2776.87
2761.27
2778.67
2775.13
3730.62
3728.39
3740.26
3726.28
3629.26
3568.71
3233.00
3188.20
2569.15
1410.18
1058.95
957.07
1002.07
394.72
798.40
1010.74
668.62
1048.42
924.27
707.58
535.15
563.71
1184.14
1024.45
1435.02
1301.61
949.75
1278.11
1286.29
804.09
1575.47
909.72
3584.53
3464.73
3650.11
3481.70
2999.05
1932.32
1134.00
2051.53
1241.61
1541.35
897.86
1434.29
730.08
671.21
826.78
476.93
696.11
687.54
836.26
531.03
673.78
1182.11
1549.84
1201.72
1164.56
597.91
562.75
482.22
710.66
701.87
904.30
704.55
3754.15
3805.00
3413.58
3846.94
3699.20
3800.83
3485.66
3790.42
3245.41
3754.52
3475.55
3717.44
3750.55
3586.61
1599.03
2171.26
1697.91
2042.23
1720.41
1676.49
1816.54
1668.56
2099.91
2153.78
1556.21
1995.56
2115.40
2206.26
2463.51
1766.13
2558.67
2241.61




























































1970.13
3352.02
3081.82
3623.57
3701.88
3550.67
3231.28
3553.58
3520.11
3239.32
3350.21
1823.90
1183.93
660.89
1061.84
867.36
861.80
1258.81
773.30
719.96
549.73
2187.45
839.93
1225.30
3015.86
2333.96
1324.76
2758.72
1423.69
1585.72
2508.86
680.57
2774.67
1778.47
1908.58
2305.45
3384.72
2427.98
2854.46
1479.11
2555.47
2581.07
2103.88
2460.88
2375.82
3181.19
2987.97
1961.42
3919.62
3509.91
3614.79
3538.89
3874.26
3962.16
3923.45
3969.69
