3692.85
3756.55
3828.13
3550.39
3746.39
3763.38
3783.90
3769.46
3805.66
3762.79
3752.38
3752.83
3748.53
3777.34
3703.54
3689.18
3791.46
3759.86
3781.40
3799.96
3827.08
3723.82
3812.22
3794.71
3758.46
3790.85
3764.96
3736.95
3777.36
3836.09
3642.96
3665.99
































3966.45
3985.90
4113.44
4052.62
4052.46
4075.62
3761.01
4045.54
3741.72
3978.99
4072.39
4036.96
3398.90
3932.30
3481.45
3813.21
3649.70
4072.05
3970.22
4007.71
3624.96
4069.57
4018.43
4107.56
4131.71
4033.34
4054.77
3980.61
4031.24
4106.64
4043.02
4102.70
2304.85
3721.43



2751.16

3077.12
