3719.85
3770.20
3875.56
3788.98
3813.97
3780.04
3802.54
3887.34
3778.75
3750.95
3848.33
3781.86
3813.45
3817.62
3830.99
3832.76
3785.28
3846.01
3819.71

3636.26
3721.06
3806.39
3883.05
3826.45
3579.80
3792.47
3853.26
3837.39
3842.81
3837.36
3763.31
































3882.02
4118.81
3851.11
4071.27
4022.92
4058.00
4094.91
4024.71
4063.88
4055.21
4069.74
4042.72

3918.55
3873.19
4009.09
4050.70
4076.53
3978.72
3986.94
4102.99
4035.18
3941.92
3912.81
3948.20
4055.80
4078.58
4105.41
4052.17
3964.09
4043.62
4062.24



2884.28

3698.41




4349.30
