3771.88
3971.93
3920.73
3951.30
3936.27
3890.27
3947.25
3958.64
3927.67
3929.63
3936.69
3938.46
3974.06
3949.43
3920.78
3922.29
3986.76
3979.02
3741.73
3939.35
3996.25
3838.16

3958.99

3963.33
3992.89
3996.79
3968.25
4003.05
3973.01
3982.74
2416.68
1227.70
1732.00
1031.84
2735.62
1865.84
1660.69
747.08
2190.46
2212.77
1906.59





















4092.56
4132.24
4124.79

3900.11
3854.39
4070.29
4073.76
4169.45
4164.19
4228.71
4156.57
4159.76
3974.06
4065.01
4125.30
4164.49
4159.81
4136.77
4120.89
4088.84
4121.09
4124.30
4123.89
4121.08
4127.70
4145.38
4153.31
4095.27
4139.72
4129.40
4162.24
3733.52
3542.67
3084.26
2204.09
2667.24
3501.33
3925.40
2416.55
3161.09
3707.21
3353.03
3199.96
3059.14
2578.95
3454.52
2311.04
3113.36
3153.94
3327.77
2501.96
2392.93
3739.03
3356.30
2813.07
2388.37
2897.78
3027.41
3253.46
1173.05
3890.49
3606.29
3529.98






3856.14
2088.76
1470.75
2031.30
2546.59
1484.09
796.24
1000.34
3681.32
465.81
654.21
776.41
1114.34
1563.25
2492.57
1316.66
2224.10
3382.87
1859.47
2907.37
2751.23
2576.40
2911.27
908.81
2585.77
1989.19
3264.97
1326.10
2560.23
1325.11
2239.15
877.13
2030.00
1380.20
2287.34
1290.17
2556.45
2537.50

2842.90
1903.04
1144.36
2037.07
1493.43
1349.89
2931.33
2135.48
1527.10
1282.85
2746.00
1659.02
2226.98
1057.60
2562.12
1920.43
1214.91
3001.82
2563.08

1608.79
2061.50
1151.56
1289.94
1372.83
1515.54
2195.43
2315.85
