3801.01
3793.05
3835.10
3842.13
3817.27
3843.48
3728.81
3794.97
3845.67
3876.28
3857.50
3711.15
3785.93
3841.83
3874.10
3688.21
3776.93
3733.18

3842.69
3708.70
3801.43
3801.19
3855.44
3842.54
3865.81
3846.11
3873.00
3540.42
3852.00
3785.75
3775.38
































3999.61
3896.06
4017.76
4051.24
3750.98
3987.57
3869.46
3987.27
3798.16
3952.04
4027.32
4042.44
4083.36
3806.67
4007.49
3898.00
4064.31
4011.10
4067.80
4021.23
4082.95
4029.49
4102.38
3820.24
3982.91
4124.73
4085.51
4012.80
3721.61
4053.70
3949.48
4079.50
3493.15


3649.80




3667.04
