3932.36
3916.09
3835.30
3885.29
3914.03
3870.02
3871.70
3870.30
3848.33
3925.36
3662.99
3716.47
3808.91
3804.63
3796.22
3796.25
3802.55
3936.61
3911.66
3957.15
3939.96
4000.12
3888.30
3949.37
3877.90
3933.06
3975.62
3931.84
3901.39
3927.53
3920.98
3970.18
































4050.01
4028.07
3989.46
4101.90
4136.63
4112.52
4122.44
4085.71
4089.48
3602.90
3439.44
3410.09
3313.12
3729.26
3330.10
4006.08
3976.28
3619.82
3410.41
3687.74
3782.89
3593.03
3691.18
4024.38
4076.70
4039.93
4095.55
4078.14
4044.30
4080.42
4088.10
4047.79
2292.95
1397.89
1618.35
1880.49
1528.73
1931.55
1736.70
1489.03
2702.82
1308.85
2230.82
1322.09
2004.91
1831.30
2235.40
2028.91
1459.54
2591.70
1309.65
1887.75
1789.73
2019.11
1422.50
2432.69
1880.21
1144.63
1954.83
2238.71
960.41
1283.54
1768.10
1874.36
1997.77
1643.07
2341.61
2085.35
1822.12
2361.74
2211.68
3185.34
1351.78
1798.94
2210.22
1949.46
2924.15
1890.36
1623.74
2650.20
1626.81
1147.72
1447.76
2315.30
2613.67
3705.29
2248.15
1466.50
