3781.44
3791.10
3764.41
3795.74
3638.39
3527.26
3733.96
3765.28
3700.30
3707.25

3818.79
3724.58
3561.31
3494.27
3748.71
3860.68
3762.49
3791.49
3842.80
3753.80
3698.39
3732.32
3816.96
3779.30
3869.94
3685.08
3485.15
2977.40
3669.42
3882.67
3887.28
































3959.38
3940.56
4027.83
4114.85
4109.04
4095.24
4056.83
4103.35
4131.21
4166.44
4055.88
4089.50
4088.17
4067.30
4067.48
4061.52
4060.86
4092.68
4019.15
4037.17
3977.57
4091.98
4070.77
4071.77
3827.49
3987.41
4117.19
3922.31
3979.39
4059.03
3882.63
4137.46
3872.76
3069.14
3730.10

3109.36
3099.41
3671.48
3068.40

2703.55
3364.30
2039.89
3623.22
3805.91
2697.05
2372.42
4087.18

4414.09
4306.24

4408.75


3343.56
4313.04
4416.36

4084.21


2700.09
















3321.51


3848.10
2577.81

2967.05

3072.52
