3920.43
3916.68
3860.88
3940.35
3941.28
3997.32
3915.75
3962.35
3898.99
3924.72
3915.48
3892.38
3898.46
3846.05
3855.25

3935.84
3862.87
3892.02
3943.54
3826.75
3914.19
3936.73
3933.29
3866.79
3921.62
3900.62
3923.84
3864.41
3725.61
3875.71
3880.78
































4073.57
4085.38
4100.58
4157.30
4126.32
4088.10
4033.08
3871.61
4099.51
3691.78
3837.48
4095.19
4074.85
4119.71
4094.01
4030.28
4146.11
4089.79
4145.66
4066.66
4077.98
4073.66
4177.78
4120.30
4105.34
4039.00
4120.05
4122.83
4089.23
4107.22
4058.20
4109.47
1374.69
379.30
2892.82
1088.17
677.06
2081.67
1503.54
1986.24
641.39
2311.87
2126.78
1468.84
2047.98
1838.66
1282.53
1303.05
1595.51
2009.23
1207.34
2036.35
1313.56
1197.04
1623.30
1125.10
1284.41
1662.51
1396.29
1522.94
1166.78
2223.34

1713.12
997.72
2140.82
1493.69
2522.72
1487.07
2267.66
1825.16
1905.70
2349.45
2287.44
1677.61
1466.31
1865.62
1588.21
1966.26
2290.79
1957.57
3625.36
3113.75
2139.85
2579.54
3154.75
1599.50
3286.46
