3785.76

3840.98
3853.83
3839.11
3597.25
3684.44
3897.00
3280.59
3751.52
3618.86
3539.17
3754.60
3821.15
3853.44
3835.66
3782.27
3854.33
3873.30
3842.27
3861.29
3812.46
3826.48
3904.30
3745.90
3858.54
3826.83
3725.09
3547.41
3753.63
3788.86

































3848.07
3687.24
3957.30
3953.28
3681.15
4044.50
4003.71
3973.29
4007.69
4092.29
4062.06
4067.26
4116.51
4013.90
4041.05
4077.55
4121.95
4119.70
4089.45
4076.27
4040.51
3676.97
3706.76
3985.22
4042.56
3822.61
3793.41
3991.36
3997.29
4020.80
4074.61









4355.05
