3570.67
3704.96
3784.60
3853.16
3879.97
3865.08
3803.02
3727.10
3874.38
3711.61

3640.91
3793.03
3592.18
3698.04
3836.55
3715.91
3803.22
3776.84
3792.41
3768.13
3780.00
3757.47
3796.64
3786.94
3146.53
3142.85
3266.44
3784.97
3793.93
3789.24
3725.33
































3046.48
3199.89
3944.14
3944.88
4093.03
4082.29
4087.25
4082.64
4142.20
4088.43
4100.73
3841.47
4094.21
4165.46
4085.01
4027.87
4110.29
4058.64
4108.94
4084.82

4036.61
4077.43
4024.64
4061.61
4167.19
4091.33
3953.20
4023.01
4062.72
4121.61
4156.23
2896.00
3071.46
3660.39
2724.68
3599.84
2220.16
2921.32
3833.74
3375.49
3425.77
2902.77
3729.69

3671.14
3001.89
3854.76
2728.55
2372.60
2304.53
2809.15
3001.97
2371.03
3018.72
2396.71
