3833.36
3807.95
3797.07
3858.42
3846.83
3788.42
3847.62
3849.14
3867.95
3832.49
3818.98
3857.49
3201.32
3861.03
3638.10
3706.20
3831.28
3736.51
3770.87
3795.77
3789.06
3791.21
3635.43
3710.85
3812.27
3793.62
3822.08
3816.01
3763.39
3815.16
3791.79
3795.41
































4120.59
4076.01
4135.70
4058.19
4114.67
4092.17
3836.76
3952.31
4050.72
3855.26
3985.65
4113.53
4092.51
4061.26
4088.76
3979.97
4043.84
3739.33
4055.36
4025.01
4050.80
3904.78
4060.30
4043.64
4059.54
4083.56
4078.68
3697.57
3860.65
4034.76
4069.05
4044.99


















2115.73







2275.22


1918.74
2575.72




4354.37


3724.69

3548.95

3254.17

