3903.38
3852.31
3840.70
3924.38
3724.75
3879.52
3968.97
3910.68
3931.06
3890.52
3947.30
3875.29
3870.56
3788.40
3818.24
3820.75
3946.71
3819.51
3943.11
3927.73
3974.74
3910.32
3958.15
3955.05
3725.64
3935.98
3878.95
3939.93
3865.80
3917.30
3258.83
3144.89
































4044.24
4057.30
4020.75
4013.66
4062.52
4106.02
4066.40
4033.85
4149.11
4072.22
4064.75
4100.37
4073.11
4078.87
4123.91
4111.03
4066.01
4136.48
4037.68
4124.49
4139.10
4134.92
4088.56
4088.28
3835.81
4122.82
4065.71
4115.70
4084.79
4056.43
4093.54
4068.92











3930.28
2977.01
1682.48
1464.00
1335.87
3374.94
753.99
1605.49
3002.46
1190.72
3221.60
953.57
3065.38
2411.32
2089.88
1346.08
546.81
1638.05
1236.96
2041.88
1802.75
1476.92
2436.39
1412.32
1274.76
2111.96
1860.57
1938.68
1460.94
1200.17
1565.78
1562.44
2458.35
2641.76
2315.86
2972.68
2739.14
2940.88
2000.32
2113.66
1914.06
2094.25
1551.88
1733.05
2853.21
2779.79
1083.00
2778.18
1688.65
2355.75
3288.85
1806.09
1985.58
3053.87
2180.73
1862.05
