3782.14
3711.03
3445.08
3416.69
3707.14
3795.04
3598.92
3694.05
3645.90
3755.79
3669.05
3753.73
3775.86
3706.94
3743.78
3787.94
3814.42
3763.60
3843.95
3764.41
3549.43


3637.28
3800.97
3755.46
3744.96
3668.76
3789.51
3556.57
2537.81
2580.63
































4132.20
4125.08
4101.62
4030.54
3996.64
4068.18
4047.96
3979.61


4127.79
4054.52
4097.55
4094.09

3809.86
3792.05
3759.81
3841.49
3751.42
3966.97
4088.48
4085.09
4082.11
3952.70
3960.91
4148.08


4037.53
4102.08
4036.38








4389.13
