3812.02
3641.57
3488.90
3644.51
3784.24
3687.48
3592.14
3769.03
3760.18
3733.84
3773.53
3664.00
3752.52
3804.20
3781.12
3721.14
3739.15
3788.25
3798.33
3660.62
3826.24
3812.72
3759.77
3849.76
3763.32
3781.32
3790.36
3785.16
3827.29
3821.48
3575.04
3757.72
































4073.96
4052.19
4097.42
4057.26
4052.42
4012.63
4027.37
4032.76
4082.87
4033.01
4062.31
4028.75
4139.94
3707.16
3982.44
3885.12
4045.01
4005.73
4090.86
4113.05
3851.68
4000.44
4055.43
3989.17
4113.50
3994.81
4076.26
4050.48
4090.13
4047.43
3859.01
3421.17




3334.22




2243.10
