3699.74
3765.30
3477.59
3686.51
3506.31
3616.89
3633.50
3816.01
3838.50
3508.92
3734.24
3680.45
3740.93
3700.20
3668.74
3585.06
3482.19
3587.18
3492.28
3718.79
3601.49
2954.18
3588.61
3371.78
3719.55
3367.78
2924.88
3172.60
3101.83
2964.31
3091.31
3281.63
































4027.95
3955.43
3986.09
3696.90
4092.54
4199.34
4067.49
4218.35
4140.87
3985.02
3643.83
3930.32
4069.41
4061.75
4092.66
4052.22
4079.69
4041.06
4042.24
4110.26
4139.00
4082.82
4025.31
4061.32
3581.35
4081.63
4073.16
4126.46
4122.29
4132.39
3709.60
2861.85
1716.79
1663.79
1738.90
2493.41
3350.27
3783.39
3735.68
3803.56
1227.64
2665.65
2145.54
3667.52
2915.99
2062.44
3297.28
359.53
2386.29
1663.22
1546.64
2720.14
1962.80

1435.55
2447.71
1322.44
1619.65
2072.94
2434.30
1506.62
1451.86
693.94
2335.84
2748.47
2412.87
1310.07
2295.69
3687.36
3783.32
3867.60
2372.19
3478.73
3825.66
3225.31
2810.02
3564.73
3274.98
3495.86
3730.99

1957.80
2255.14
2911.09
1685.15
1200.47
3061.71
