3942.73
3892.15
3963.17
3934.79
3939.51
3936.09
3397.44
3387.68
3511.18
3938.11
3917.53
3995.12
3918.14
3919.13
3686.62
3566.02
3995.87
3886.62
3992.59
3944.68
3845.86
3999.28
3934.01
3939.16
3872.27
3831.00
3552.62
2960.39
3444.31
3150.49
2857.06
3774.78
2439.45
1283.22
1717.00
1226.99
3253.62
1182.19
1997.27
2506.43
1276.77
1443.29
1757.94
1085.53
1683.32
2273.91
2101.24
2449.46
1253.09
1342.74
3135.22
2037.00
909.27
2373.94
1524.48
2797.90
2921.25
1432.70
1948.85
1687.19
1788.75
1713.59
2546.58
1446.42
4018.27
4153.63
4149.86
4148.30
4144.13
4188.79
4151.97
4138.18
4154.32
4082.99
4150.47
4103.13
4038.48
4142.64
4058.41
4212.09
4111.17
4209.80
4083.39
4120.32
4083.90
4130.75
4178.92
4073.26
4145.47
4044.16
3744.83
4010.73
3875.41
4159.39
4106.73
4129.35
3512.04
3655.24
3482.23
3253.60
2639.18
3781.83
3503.73
2978.61
2840.77
2820.93
2367.28
2275.41
2631.96
3707.32
2150.75
3619.64
3276.52
2728.85
3269.13
2792.75
2155.99
3059.31
3141.26
3866.37
3504.49
3709.01
3480.03
2583.76
3110.13
3728.64
3522.67
3373.23
































1152.09
1906.20
1930.67
2091.06
1376.43
2621.50
2443.45
1686.37
950.38
2813.91
2750.12
2743.10
3328.61
2314.07
1727.46
2496.71
1664.59
1617.06
3222.20
1131.44
1720.39
2492.44
2150.35
2157.97
1152.84
2429.17
1576.08
2578.53
2047.70
1714.17
2286.54
1727.47
1591.66
3849.15
2191.25
2860.06
2156.22
1424.51
2765.56
3034.86
2583.95
2193.57
1535.37
2907.45
1084.30
2172.94
648.99
1082.32
2992.74
1709.18
2753.14
1941.97
1995.11
2074.14
1219.71
1854.34
