3555.31
3733.64
3822.23
3776.99
3779.47
3800.32
3798.20
3799.46
3798.51
3695.71
3694.42
3738.52
3768.67
3220.19
3789.67
3767.10
3854.64
3776.70
3774.61
3808.71
3759.75
3762.59
3781.09
3812.04
3688.03
3562.04
3841.77
3768.37
3783.74
3810.58
3776.93
3707.20
































4047.47
3972.72
4040.63
4066.54
4067.14
4033.95
4054.89
3898.08
3896.87
4115.33
4090.39
4069.25
4093.99
3940.36
4055.41
4005.40
4130.77
3982.50
4041.45
4056.47
4085.01
4001.17
4054.22
4051.53
4092.51
4052.27
4062.12
3784.76
3986.89
4120.21
4110.89
4002.95















2583.46

3710.01





