3407.50
3767.26
3742.87
3679.68
3448.12
3568.82
3732.17
3742.53
3748.48
3778.88
3543.40
3751.65
3642.87
3635.86
3753.76
3615.82
3497.62
3720.97
3748.62
3192.86
3014.82
3853.83
3885.15
2946.10
3830.72
3906.23
3910.28
3919.33
3886.85
3899.36
3889.47
3879.73
1945.34
1930.30
938.52
1206.32
3180.16
1012.96
1885.41
1963.00
2520.63
1299.71
1865.00
1932.50
1216.34
2102.16
1819.43
2059.06
1330.87
2148.90
1268.27
969.96
1993.55
1333.90
2751.28
1732.27
1480.95
3338.04
2144.16
1752.28
1402.37
2687.87
949.84
1551.17
3948.36
4037.24
3790.58
4033.97
3480.33
3596.24
3481.89
3431.35
3805.76
3507.94
3570.07
3535.02
3592.81
3867.00
3934.16
3728.27
3861.16
3639.96
3820.57
3730.47
3633.99
3631.81
3570.60
3963.13
4030.37
4019.81
4040.49
3977.24
4026.29
3668.06
3554.20
3444.87
817.74
656.57
1799.82
1338.04
1588.89
1806.11
702.98
2316.72
3509.09
3139.97
2090.93
3854.65
3737.98
2094.80
3018.25
3218.75
3000.04
3237.61
3035.84
3419.56
2769.10
4005.60
3629.03
3686.23
3940.90
3304.38
3028.81
3993.21
2547.96
3630.04
3354.78
2499.50
2814.94
3699.14
1999.59
2987.48
2130.21
3411.79
3120.20
































1674.23
1673.91
2034.21
2418.30
1672.12
1877.16
1338.65
843.55
1784.98
1247.81
1931.17
1655.70
3199.42
1167.11
2977.39
2226.12
1353.83
2366.64
1688.87
2565.57
1806.53
2568.68
1524.67
3840.04
1934.02
1238.43
3210.50
777.87
1299.74
3712.26
1787.56
2104.29
2520.38
1700.07
1563.76
2635.56
1760.34
1806.02
1717.02
2826.53
1049.47
2069.81
2588.18
1543.41
1480.86
2922.72
1003.13
2124.42
1148.77
1378.35
2283.71
1945.54
1126.27
1409.87
2024.69
1845.50
