2979.86
2500.16
3057.94
3719.32

3702.92
2993.53
2152.49
3611.37
2841.90
3580.35
3232.41
3711.90
3761.76
3752.24
3418.74
3759.43
3675.02
3727.25
3718.64
3731.11
3775.38
3795.13
3759.48
3757.63
3819.32
3790.63
3824.37
3836.43
3748.32
3781.06
3824.00
































4030.53
4028.38
4071.52
4059.59
4097.34
4064.11
4093.48
4095.41

4121.42
4076.13
4034.70
4061.83
4058.09
4075.76
4061.67
4076.77
4140.62
4014.79
4091.98
4012.57
4083.38
4076.83
4013.39
4105.28
4085.82
4073.46
4110.56
4105.43
4103.31
4070.22

2770.53
3504.49
1694.90

2198.80
2099.53
1102.85
2481.06
1565.88
2131.24
3553.34
2970.64
2936.47
3159.16
2413.84
3046.68
2027.93
1505.17

2158.63
1774.61
1818.42
2245.76
1677.12
1352.14
1684.70
1571.77
1991.83
2219.56
1888.75
1308.18
2799.21
2717.00
2604.34
3095.98
2209.29
2889.11
2266.30
3323.50
3283.08
3408.59
3140.80
3519.54
3468.30
3884.39
3307.88
3709.53
3198.67
2125.00
1608.75
1960.96
2845.99
1585.25
2751.70
3216.99
2345.88
