3876.43
3797.48
3839.67
3824.91
3841.12
3870.51
3751.83
3846.14
3866.24
3785.88
3849.80
3822.03
3859.14
3679.47
3741.27
3878.66
3858.97
3725.81
3771.39
3835.59
3859.55

3848.85
3818.33
3851.79
3805.74
3865.56
3816.84
3929.72
3780.48
3791.98
3859.42
































3837.40
4018.96
3890.24
3800.75
4005.44
4067.93
4079.01
4027.61
4003.90
3975.94
4084.96
4035.30
3970.20
4009.09
3871.95
3950.21
3916.90
4008.80
4109.98
4008.24
4121.64
4046.33
4018.68
4034.09
3907.12
3304.42
4049.00
4063.62
4080.68
4098.79
4100.34
3110.10








4295.03

