3823.87
3843.71
3820.38
3891.37
3893.59
3815.48
3885.13
3867.32
3870.23
3913.01
3868.66
3853.87
3804.94
3841.56
3831.91
3823.84
3873.92
3830.69
3895.00
3851.83
3665.98
3690.03
3827.25
3922.22
3844.54
3844.27
3649.54
3826.65
3832.90
3857.27
3631.21
3859.36
































4022.82
4083.01
4101.57
3681.53
4089.87
4122.86
3980.36
3516.28
4112.16
4092.13
4056.90
4035.95
4085.35
4035.22
4052.90
3998.94
4088.89
4080.65
4033.11
4125.43
4046.58
4072.72
4135.80
4122.50
4076.14
3957.42
3503.55
4079.78
4015.08
4077.01
4047.29
3992.04

3682.73
4072.12
3114.95



4334.35

2688.75
4093.34



3193.77











4398.47

4043.89
4305.31


3033.39
4308.38


3059.39
2665.60
3556.76
2023.79
1785.70

2562.67

2307.78

2881.03
2997.43
1886.88
