3834.65
3829.94
3802.58
3824.21
3836.08
3892.88
3847.53
3797.60
3786.19
3866.91
3866.07
3827.61
3868.55
3750.80
3650.74
3765.55
3805.27
3579.55
3762.14
3724.90

3819.02
3820.01
3778.93
3649.45
3774.48
3633.67
3477.75
3683.94
3728.80
3778.47
3790.74
































4068.34
4062.71

4039.36
4087.76
4053.22
3700.17
4054.88
3898.19
4024.88
4084.66
4105.19
3951.11
4072.10
4066.73
4101.83
4118.55
3814.62
3952.84

4025.64
4044.63
4086.53
4061.57
4003.38
4014.39
4035.62
4058.36
4068.23
4068.14
4055.32
3899.84




3436.02





3722.70
